1613.jpg 
724 344   &[720.478  343.642  &-1
512 338   &[514.977  337.341]  &[1.75459, -1.35326, 8.97379]
1641.jpg
901 327   &[902.283  326.125]  &[3.75985, -1.35022, 8.76246]
691 305   &[686.783  313.456]  &[1.74998, -1.29991, 8.97196]
1631.jpg
822 342   &[825.233  345.432]  &[3.75985, -1.35022, 8.76246]
615 324   &[607.253  323.576]  &[1.69161, -1.38207, 8.97119]
1561.jpg
652 277   &[649.351  274.972]  &[3.75985, -1.35022, 8.76246]
453 298   &[455.467  297.046]  &[1.75459, -1.35326, 8.97379]
1897.jpg
775 283   &[775.325  282.267]  &[3.75985, -1.35022, 8.76246]
607 276   &[607.673  276.95]  &[1.75459, -1.35326, 8.97379]
1897.jpg
457 270   &[461.465  266.988  &-1
295 267   &[296.426  266.952]  &[-2.24158, -1.3894, 9.26188]
1911.jpg
783 278   &[780.128  273.717]  &[3.75985, -1.35022, 8.76246]
615 272   &[615.711  273.065]  &[1.75459, -1.35326, 8.97379]
1911.jpg
464 267   &[463.551  266.358  &-1
302 265   &[303.311  263.918]  &[-2.24158, -1.3894, 9.26188]
1837.jpg
788 266   &[787.972  265.666]  &[3.78484, -1.31645, 8.74918]
618 260   &[620.257  258.854]  &[1.75459, -1.35326, 8.97379]
1837.jpg
465 239   &[459.951  236.122]  &[-0.275764, -1.41077, 6.91449]
316 243   &[311.563  246.314]  &[-1.77804, -1.22438, 6.41284]
1879.jpg
768 278   &[768.55  278.55]  &[3.78484, -1.31645, 8.74918]
599 271   &[597.398  271.015]  &[1.69161, -1.38207, 8.97119]
1879.jpg
449 267   &[454.76  260.127  &-1
286 265   &[287.553  264.467]  &[-2.24158, -1.3894, 9.26188]
1785.jpg
807 202   &[806.939  201.285]  &[3.78484, -1.31645, 8.74918]
634 196   &[629.637  193.978]  &[1.5702, -1.30912, 8.63378]
1845.jpg
783 268   &[782.294  266.374]  &[3.75985, -1.35022, 8.76246]
615 260   &[615.345  261.292]  &[1.75459, -1.35326, 8.97379]
1845.jpg
461 243   &[454.826  239.878]  &[-0.341625, -1.4844, 8.68445]
311 245   &[306.638  249.666]  &[-2.24158, -1.3894, 9.26188]
1543.jpg
650 213   &[651.758  216.033]  &[3.75985, -1.35022, 8.76246]
467 241   &[462.156  238.895  &-1
1603.jpg
684 331   &[682.193  329.98]  &[3.75985, -1.35022, 8.76246]
479 334   &[478.948  333.878]  &[1.75459, -1.35326, 8.97379]
1855.jpg
779 277   &[777.12  274.207]  &[3.75985, -1.35022, 8.76246]
608 270   &[609.643  269.631]  &[1.75459, -1.35326, 8.97379]
1855.jpg
459 262   &[460.537  271.529]  &[-0.111158, -1.19362, 6.0735]
297 259   &[298.101  258.82]  &[-2.24158, -1.3894, 9.26188]
1775.jpg
803 181   &[801.225  178.129]  &[3.75985, -1.35022, 8.76246]
630 177   &[632.451  176.835]  &[1.75459, -1.35326, 8.97379]
1589.jpg
655 311   &[658.009  315.181]  &[3.75985, -1.35022, 8.76246]
463 324   &[463.254  322.826]  &[1.77851, -1.3772, 8.96037]
1599.jpg
674 326   &[673.344  327.045]  &[3.75985, -1.35022, 8.76246]
469 332   &[469.633  335.369]  &[1.74998, -1.29991, 8.97196]
1789.jpg
807 215   &[807.091  214.176]  &[3.78484, -1.31645, 8.74918]
635 209   &[633.497  204.895]  &[1.69161, -1.38207, 8.97119]
1873.jpg
768 279   &[769.575  278.838]  &[3.78933, -1.32859, 8.79224]
600 272   &[600.681  273.381]  &[1.75459, -1.35326, 8.97379]
1873.jpg
449 267   &[447.42  265.329]  &[-0.214366, -1.40282, 9.11364]
286 265   &[286.909  264.813]  &[-2.24158, -1.3894, 9.26188]
1551.jpg
653 249   &[652.123  248.934]  &[3.78484, -1.31645, 8.74918]
456 273   &[458.775  271.285]  &[1.75459, -1.35326, 8.97379]
1621.jpg
757 346   &[758.078  344.596]  &[3.75985, -1.35022, 8.76246]
555 334   &[557.742  333.243]  &[1.77851, -1.3772, 8.96037]
1557.jpg
651 266   &[649.153  266.131]  &[3.75985, -1.35022, 8.76246]
456 289   &[456.472  288.316]  &[1.75459, -1.35326, 8.97379]
1617.jpg
743 348   &[740.967  346.144]  &[3.75985, -1.35022, 8.76246]
529 340   &[528.528  335.221]  &[1.69161, -1.38207, 8.97119]
1571.jpg
654 292   &[0  0  &-1
453 312   &[456.814  309.231]  &[1.74857, -1.34886, 8.98517]
1607.jpg
697 337   &[696.076  334.505]  &[3.75985, -1.35022, 8.76246]
490 334   &[487.892  332.421]  &[1.69161, -1.38207, 8.97119]
1865.jpg
773 277   &[773.991  277.57]  &[3.78484, -1.31645, 8.74918]
603 271   &[604.703  271.877]  &[1.75459, -1.35326, 8.97379]
1865.jpg
452 266   &[0  0  &-1
290 264   &[0  0  &-1
1725.jpg
870 189   &[873.386  192.021]  &[3.75985, -1.35022, 8.76246]
690 188   &[687.972  192.331]  &[1.74857, -1.34886, 8.98517]
1781.jpg
806 192   &[805.433  191.363]  &[3.78484, -1.31645, 8.74918]
633 187   &[634.93  186.705]  &[1.75459, -1.35326, 8.97379]
1841.jpg
787 267   &[786.01  266.63]  &[3.78484, -1.31645, 8.74918]
616 261   &[617.803  260.105]  &[1.75459, -1.35326, 8.97379]
1841.jpg
463 241   &[457.782  238.483]  &[-0.275764, -1.41077, 6.91449]
314 244   &[306.621  241.165  &-1
1859.jpg
775 277   &[775.197  275.958]  &[3.75985, -1.35022, 8.76246]
606 270   &[606.982  271.476]  &[1.75459, -1.35326, 8.97379]
1859.jpg
455 263   &[458.054  264.252]  &[-0.125439, -1.28734, 6.15136]
295 261   &[295.329  260.508  &-1
1593.jpg
663 321   &[663.282  321.382]  &[3.78484, -1.31645, 8.74918]
460 330   &[461.903  328.931]  &[1.75459, -1.35326, 8.97379]
1729.jpg
858 186   &[860.057  185.827]  &[3.75985, -1.35022, 8.76246]
681 185   &[678.697  189.422]  &[1.74857, -1.34886, 8.98517]
1887.jpg
770 280   &[770.922  281.001]  &[3.78484, -1.31645, 8.74918]
602 274   &[602.811  274.817]  &[1.75459, -1.35326, 8.97379]
1887.jpg
451 269   &[0  0  &-1
289 266   &[291.44  264.385]  &[-2.24158, -1.3894, 9.26188]
1771.jpg
796 170   &[797.819  170.223]  &[3.75985, -1.35022, 8.76246]
635 167   &[635.395  168.171]  &[1.77851, -1.3772, 8.96037]
1929.jpg
791 269   &[789.332  265.792]  &[3.75985, -1.35022, 8.76246]
620 264   &[621.538  265.571]  &[1.75459, -1.35326, 8.97379]
1929.jpg
468 261   &[467.928  260.105  &-1
305 260   &[306.067  259.108]  &[-2.24158, -1.3894, 9.26188]
1547.jpg
653 235   &[652.487  234.378]  &[3.78484, -1.31645, 8.74918]
458 260   &[461.886  257.236]  &[1.77851, -1.3772, 8.96037]
1585.jpg
653 305   &[652.143  305.904]  &[3.75985, -1.35022, 8.76246]
461 320   &[461.481  319.964]  &[1.77851, -1.3772, 8.96037]
1715.jpg
